image: /home/jhson/bunker.pgm
resolution: 0.050000
origin: [-26.184187, -88.022915, 0.000000]
negate: 0
occupied_thresh: 0.65
free_thresh: 0.196

