image: /home/jhson/near_dorm.pgm
resolution: 0.050000
origin: [-20.986090, -28.693112, 0.000000]
negate: 0
occupied_thresh: 0.65
free_thresh: 0.196

