image: /home/jhson/TIP_4th_slam_complete.pgm
resolution: 0.050000
origin: [-6.336568, -34.545749, 0.000000]
negate: 0
occupied_thresh: 0.65
free_thresh: 0.196

