image: /home/jhson/TIP_4th_slam.pgm
resolution: 0.050000
origin: [-6.420598, -34.527267, 0.000000]
negate: 0
occupied_thresh: 0.65
free_thresh: 0.196

